origin  0.0000E+00  0.0000E+00  0.0000E+00 extent  5.0000E+02  5.0000E+02
label 0 0 cel       
origin  0.0000E+00  2.0833E+00 -1.1806E+01 extent  2.2917E+01  2.2917E+01
origin  0.0000E+00  2.0833E+00 -1.1806E+01 extent  1.1458E+02  1.1458E+02
origin  0.0000E+00 -1.4178E+00 -1.2920E+01 extent  1.7028E+01  1.7028E+01
origin  0.0000E+00 -1.4178E+00 -1.2920E+01 extent  8.5142E+01  8.5142E+01
origin  0.0000E+00 -1.4178E+00 -1.2920E+01 extent  4.2571E+02  4.2571E+02
origin  0.0000E+00  3.5602E-01  7.6361E+01 extent  1.0820E+02  1.0820E+02
origin  0.0000E+00  1.7085E+00  1.0011E+02 extent  6.4620E+00  6.4620E+00
origin  0.0000E+00  1.7085E+00  1.0011E+02 extent  3.2310E+01  3.2310E+01
origin  0.0000E+00  1.7085E+00  1.0011E+02 extent  1.6155E+02  1.6155E+02
basis  1.0000E+00  0.0000E+00  0.0000E+00  0.0000E+00  1.0000E+00  0.0000E+00
basis  1.0000E+00  0.0000E+00  0.0000E+00  0.0000E+00  1.0000E+00  0.0000E+00
basis  0.0000E+00  1.0000E+00  0.0000E+00  0.0000E+00  0.0000E+00  1.0000E+00
origin  0.0000E+00  1.7085E+00  1.0011E+02 extent  8.0775E+02  8.0775E+02
origin  0.0000E+00  2.3024E+01  3.3914E+01 extent  2.4120E+02  2.4120E+02
origin  0.0000E+00  1.2488E+00  3.4249E+01 extent  5.8626E+01  5.8626E+01
basis  1.0000E+00  0.0000E+00  0.0000E+00  0.0000E+00  1.0000E+00  0.0000E+00
