label 0 0 cel       
origin  0.0000E+00  8.5167E-02  4.0757E+01 extent  3.6556E+01  3.6556E+01
basis  1.0000E+00  0.0000E+00  0.0000E+00  0.0000E+00  1.0000E+00  0.0000E+00
origin  1.9915E+01 -8.0841E-02  4.0757E+01 extent  4.1087E+00  4.1087E+00
origin  1.5902E+01 -2.4866E-02  4.0757E+01 extent  2.7521E-01  2.7521E-01
origin  1.5902E+01 -2.4866E-02  4.0757E+01 extent  1.3760E+00  1.3760E+00
origin  1.5902E+01 -2.4866E-02  4.0757E+01 extent  6.8802E+00  6.8802E+00
origin  1.9798E+01 -2.0635E+00  4.0757E+01 extent  1.5313E+00  1.5313E+00
basis  0.0000E+00  1.0000E+00  0.0000E+00  0.0000E+00  0.0000E+00  1.0000E+00
origin  1.9798E+01 -2.0635E+00  4.0757E+01 extent  7.6566E+00  7.6566E+00
color off
color  on
origin  1.9798E+01 -2.0635E+00  4.0757E+01 extent  4.5940E+01  4.5940E+01
basis  1.0000E+00  0.0000E+00  0.0000E+00  0.0000E+00  1.0000E+00  0.0000E+00
basis 1 0 0  0 1 0  or 19.777202 -2.0706080 0
basis 1 0 0  0 1 0  or 19.777202 -2.0706080 45
basis 1 0 0  0 1 0  or 19.777202 -2.0706080 45  ex 5
basis 0 1 0  0 0 1  or 19.777202 -2.0706080 45  ex 5
basis 0 1 0  0 0 1  or 19.777202 -2.0706080 34.40684  ex 50
basis 0 1 0  0 0 1  or 19.777202 -2.0706080 34.40684  ex 40
basis 0 1 0  0 0 1  or 19.777202 -2.0706080 34.40684  ex 10
basis 1 0 0  0 1 0  or 19.777202 -2.0706080 34.40684  ex 10
basis 1 0 0  0 1 0  or 19.777202 -2.0706080 34.40684  ex 2
basis 1 0 0  0 1 0  or 19.777202 -2.0706080 34.40684  ex 10

