basis 0 1 0  0 0 1  or 19.777202 -2.0706080 34.40684  ex 10
label 0 0
basis 0 1 0  0 0 1  or 0.0000000  33.020000  1.58750  ex 10
basis 0 1 0  0 0 1  or 0.0000000  33.020000  1.58750  ex 40
basis 0 1 0  0 0 1  or 0.0000000  33.020000  45  ex 40
basis 0 1 0  0 0 1  or 0.0000000  33.020000 53.45684  ex 40
basis 0 1 0  0 0 1  or 0.0000000  33.020000 53.45684  ex 10
basis 0 1 0  0 0 1  or 0.0000000  33.020000 53.45684  ex 20
basis 0 1 0  0 0 1  or 0.0000000  33.020000 53.45684  ex 30
basis 0 1 0  0 0 1  or 0.0000000  33.020000 53.45684  ex 25
basis 0 1 0  0 0 1  or 0.0000000  33.020000 53.45684  ex 28
basis 0 1 0  0 0 1  or 0.0000000  33.020000 53.45684  ex 22
basis 0 1 0  0 0 1  or 0.0000000  33.020000 53.45684  ex 20
basis 1 0 0  0 1 0  or 0.0000000  33.020000 53.45684  ex 20
basis 1 0 0  0 1 0  or 0.0000000  33.020000 53.45684  ex 2
basis 1 0 0  0 1 0  or 0.0000000  33.020000 53.45684  ex 10
basis 1 0 0  0 1 0  or 0.0000000  33.020000 53.45684  ex 20
basis 1 0 0  0 1 0  or -19.777202 -2.0706080 34.40684  ex 2
basis 0 1 0  0 0 1  or -19.777202 -2.0706080 34.40684  ex 40
basis 0 1 0  0 0 1  or -19.777202 -2.0706080 34.40684  ex 45
basis 0 1 0  0 0 1  or -19.777202 -2.0706080 44.595  ex 45
basis 0 1 0  0 0 1  or -19.777202 -2.0706080 44.595  ex 10
basis 0 1 0  0 0 1  or -19.777202 -2.0706080 44.595  ex 5
basis 0 1 0  0 0 1  or -19.777202 -2.0706080 44.595  ex 10

