label 0 0 cel       
origin  0.0000E+00 -1.9722E+01  3.4722E+01 extent  2.3333E+01  2.3333E+01
origin  0.0000E+00 -2.0111E+01  3.4333E+01 extent  1.9963E+01  1.9963E+01
basis  1.0000E+00  0.0000E+00  0.0000E+00  0.0000E+00  1.0000E+00  0.0000E+00
origin  5.5452E-02 -2.0000E+01  3.4333E+01 extent  2.1627E+00  2.1627E+00
origin  5.5452E-02 -2.0000E+01  3.4333E+01 extent  1.0813E+01  1.0813E+01
origin  5.5452E-02 -2.0000E+01  3.4333E+01 extent  5.4066E+01  5.4066E+01
origin -7.7056E-01  4.2485E-01  3.4333E+01 extent  2.2978E+01  2.2978E+01
basis  0.0000E+00  1.0000E+00  0.0000E+00  0.0000E+00  0.0000E+00  1.0000E+00
origin -7.7056E-01 -4.1708E+00  3.4301E+01 extent  1.9563E+01  1.9563E+01
label 1 0 cel       
