 0.00000  4.05384     
 3.51053  2.02692     
 3.51053 -2.02692     
 0.00000 -4.05384    
-3.51053 -2.02692    
-3.51053  2.02692    
 0.00000  7.98068    
 3.99034  6.91134    
 6.91134  3.99034    
 7.98068  0.00000   
 3.99034 -6.91134    
 0.00000 -7.98068    
-3.99034 -6.91134   
-7.98068  0.00000     
-6.91130  3.99030     
-3.99030  6.91130     
 0.00000  11.9456    
 4.08530  11.2253    
 7.67870  9.15040    
 10.3449  5.97280    
 11.7640  2.07370    
 11.7640 -2.07370    
 10.3449 -5.97280    
 7.67870 -9.15040    
 4.08530 -11.2253    
 0.00000 -11.9456     
-4.08530 -11.2253     
-7.67870 -9.15040     
-10.3449 -5.97280     
-11.7640 -2.07370     
-11.7640  2.07370     
-10.3449  5.97280     
-7.67870  9.15040     
-4.08530  11.2253     
 4.1189000  15.372800 
 7.9578000  13.782800 
 11.254000  11.254000 
 13.874200  7.9578000 
 15.372800  4.1189000 
 15.915600  0.0000000 
 15.372800 -4.1189000 
 13.874200 -7.9578000 
 11.254000 -11.254000 
 7.9578000 -13.782800 
 4.1189000 -15.372800 
 0.0000000 -15.915600 
-4.1189000 -15.372800 
-7.9578000 -13.782800 
-11.254000 -11.254000 
-13.874200 -7.9578000 
-15.372800 -4.1189000 
-15.915600  0.0000000 
-15.372800  4.1189000 
-13.874200  7.9578000 
-11.254000  11.254000 
-7.9578000  13.782800 
-4.1189000  15.372800 
 0.0000000  19.888200 
 4.1348660  19.452590 
 8.0886300  18.157860 
 11.690350  16.089630 
 14.778990  13.307314 
 17.223232  9.9441000 
 18.915634  6.1455300 
 19.777202  2.0706080 
 18.915634 -6.1455300 
 17.223232 -9.9441000 
 14.778990 -13.307314 
 11.690350 -16.089630 
 8.0886300 -18.167858 
 4.1348660 -19.452590 
 0.0000000 -19.888200 
-4.1348660 -19.452590 
-8.0886300 -18.167858 
-11.690350 -16.089630 
-14.778990 -13.307314 
-17.223232 -9.9441000 
-18.915634 -6.1455300 
-19.777202 -2.0706080 
-19.777202  2.0706080 
-18.915634  6.1455300 
-17.223232  9.9441000 
-14.778990  13.307314 
-11.690350  16.089630 
-8.0886300  18.167858 
-4.1348660  19.452590 