label 0 0 cel       
origin  0.0000E+00  1.9872E-01  3.5307E+01 extent  5.5756E+01  5.5756E+01
basis  1.0000E+00  0.0000E+00  0.0000E+00  0.0000E+00  1.0000E+00  0.0000E+00
basis  0.0000E+00  1.0000E+00  0.0000E+00  0.0000E+00  0.0000E+00  1.0000E+00
origin  0.0000E+00  1.1958E-01  3.5877E+01 extent  5.5083E+01  5.5083E+01
basis  1.0000E+00  0.0000E+00  0.0000E+00  0.0000E+00  1.0000E+00  0.0000E+00
basis  0.0000E+00  1.0000E+00  0.0000E+00  0.0000E+00  0.0000E+00  1.0000E+00
origin  0.0000E+00  1.1958E-01  3.5877E+01 extent  2.7542E+02  2.7542E+02
basis  0.0000E+00  1.0000E+00  0.0000E+00  0.0000E+00  0.0000E+00  1.0000E+00
label 0 1 cel       
origin  0.0000E+00  6.6688E-01  3.7753E+01 extent  7.1620E+01  7.1620E+01
basis  1.0000E+00  0.0000E+00  0.0000E+00  0.0000E+00  1.0000E+00  0.0000E+00
origin  0.0000E+00  6.6688E-01  3.7753E+01 extent  7.1620E+02  7.1620E+02
origin  0.0000E+00  6.6688E-01  3.7753E+01 extent  1.7905E+02  1.7905E+02
